{
    "SimulationParameters": 
    {
        "TotalCPUCapacity" : 50,
        "NumberOfPS" : 5,
        "AoI_sensitivity": 0.1,
        "windows": [35,35,35,35,35,25],
        "deadlines": [70,70,70,70,70,50],
        "startupdate": [3,3,4,4,5,2],
        "NumberOfTCh" : 1,
        "NumberOfBits" : [100,100,100,100,100,100],
        "NumberOfCpuCycles" : [100,100,100,100,100,100]

        NumofGainState = 15
    }
}  


Alr = 0.0000001
Clr = 0.0000003